
9990824652
09555163525
+4915228671143

8266946032

7356256957
+919870501745
9034081616
9785807783
8130288473
9953432168
9717899330
+917290804546
+919318460521
9520134427
8826249604
8076809642

07217671581
7011086810
7503047413
8700623685
08287781070
8826674940
8800667880
9790172117
9548077658

07303847625
8860005694
6006207941
8826338204
9811679233
8076045066
9205287640
8750010084
8402042030
8920273661
9069993345
8448314945
8135859695
7906998030
9999006289
9811643994
8802142559
8010269391
9205710980
9868755987
9999862757
9090447708
+919008942531

9650517501

+23278929465
+213661091410
3004614209

8128535015
+989131634104
9061068750
7052306434
+8615720806358
+989107780377

9121089110
9949537586
9994254328
00923332719919

8796879375
00923053072438
03012874694
9205565771
+917978521791
50684844898
7012316798


7978607568

09993989844
+919554704906
8240136291
09347737704
00
989120746017

9476477847
+2202426351
+971529519661
8597566389
+4550109534
004552704312
+989118645882
09494990832
09114290178


6479497039
9990225513
9163889413
8123816416
9844924839
9894064579
9941181486


+919422453152
5093394410
09397664223
09635549807
9782202546

923207893531

9560941812
+9779860921663
9829551510
+17351817929
7278027362
09476477847
00989358434525
9891484801
+919868408563
9486776895
987407123
7015855268
+918700427871
9599764043
08882763600
9560390642
9953649019
9810992033
9745669698
8285766077
8816911002
8860005694
7982473125
8586077080
+9203069452703
8838629181
9170191884
7557349136
09790172117
8130732991
9818903598
938605910
8266946032
07011086810
9654379393
9871916979
9899503602
8368249146
7015875465
9953190769
08108380418

9862219864
9205710980
9599179794
7838932771
07085525932
7330662801
9061122808
7737766957
+989129581741
07003895397
9841400003
9861666211
9602971709
9027346172
8447747812
9560450307

7091275329

7678960410
9688321073
8778819142

+919384648873
9894330516
9958333941
+919029432918
9724317980
7877034131
9560207837
8800911763
9899885131
7532993309
8805909283
7056844339
9815217017
8290297038
7032787884

09093576041
9318039036
+918130126081

07978607568
9001442699
9717750139
9350257979
8826094386
9990084445
8076809642
09509312293
+919640060617
9561657564


9843261213
9885740600
6354217090
+917905154095
8980366444

7982149106
9041512088
09501905560

9592532288
7509663124
9541739000
9718316518
9990824652
6005453072
8884437003

9817270035
8891633865
9818521036
8629874864
+2202426351
9311234876
7036084559
9582812574
9878792544
9671815980
09888088564
9650381242
8146887626

+918892743919
9454044498
09354745077
9618286596
+919868781998
+919464568620
9557757487
9786073937
8075212168
8826708012
8822088201
8742980769
9968967735
9899216380
9052789220
7065815589
7338552509
7251986825
9978393653
8527822291
9798028989
8743906646
9354515447
9354889683
9316768140
9599737463
8240180045
8802349540
91
09784191751
8826685711
9315661274
+989151131430
9894064579
9810582753
9868755987
877701444456
8289855677
9207428692
9860451430
9532100929
6299351236

9627542005
9940066227
7060078120
9952398311
8700306745
9711096154
8708815281
8800728022
9958514335
8810229021
9818006038
9818903598
9871480238


9953649019

9625955643
9145924745
8800380485
8826886241
8094788407

9654379393
9868488513
09818624391
9862219864
09408529987
98180659498
7557349136
8838629181
9958674505
9582812574
+916385258024
8447822275
8505956124
9811893230
9891484801
+45-91-406-361
9899503602
9999985209
8800618584
8851424257
9811387672
9999801040
8802200007
9873875832
09654606515
8816035765
9650517501
0981 180 7316
+918950326902
9873939119
8282177938
+19212324349
9873994282

7004282009
9643651588
9958657884
8376933852
7042129883

8851037098
9873148854
9650836473
8076646637
9650508312
8447160298
09810992033
8375983710
+919873930304
7011180699
6204655536
8586077080
9536716494
8860663661
9711808254
9911615679
9999281316
8882168130
9818551666
7060078120
9999663810
7037761979
9891544187
9354667684
09315271780
9711660230
8447747812
9953045674
971491388
9540256699
9654429350
7836060632
7982749703
8750170076
09811445525
8448650262
+919811430287
9312006180
8700414557
+919716176151
7838293431
9899672324
9796236164
8920124609
9625004434
9777383821
9711509575
8368004279
9711801159
7838690959
9818230412
9999939280
8178668720
+917042279668
9999802710
9810906245
9958385950
7006159293
9711733780
9595512367
9990029928
9643575546
8920243385
8810408341
8285025775
9868004700
7009493697
8700683111
8588900392
7001671281
8285033929
8171487937
+919599115672
7217749901
8130732991
+918130732991
8989588322
8742908355
9557234821
9745669698
8527064683
9810903760
9968967735
9811061609
9871878815
08368648445
9205411837
9416507008
9138606910
+919650368720
9810583181
8130952264
8765357675
8521572495
9811555771
9634976145
9599656391
7838932771
8368249146
9958333941
8826094386
09310988993
7503729110
9999395818
9868886212
9999985204
7680953445
7330662801
9650396060
+919910067814
9910073746
7719732311
9466824069
8700746512
9940066227
6265463687
8882104308
07838621165
8766289526
8871073213
8384077449
9650921616
8882104308
8130221301
9871591575
8800469409
7042703336
8130630288
9971243001
9825151390
9650616669
8745930603
07085525932
9968392244
9778624624
9868876407
8800469409
9911957519
6397055899
09039287181
9868960709
9949685090
9902889898
9910108330
6370157194
9540886621
8221928248
+919170191884
9818580910
9560378008
7982441017
9910188953
9354544887
8860265417
+919312509061
7678200215
9773766184
9314123211
9456865735
9505292782
9456664447
09650089714
9650597401
8448867375
7982347583
9643160414
9996632044
9818521036
7366806999
8851018009
8851480134
9835131199
+918287853643
9599628485
8700587098
9891595209
07290804799
8527026795